date: 14/06/2024 17:17:33
global_accuracy: 0.16810065758116624
image_accuracy: 0.1973124262734436
tikz_accuracy: 0.1388888888888889
