date: 14/06/2024 17:17:55
global_accuracy: 0.19692883708165837
image_accuracy: 0.2452090255146681
tikz_accuracy: 0.14864864864864866
